Webots Project File version 8.4.0
perspectives: 000000ff00000000fd0000000200000001000002d900000328fc0200000001fb0000001400540065007800740045006400690074006f00720100000015000003280000009d00ffffff00000003000006910000009cfc0100000001fb0000000e0043006f006e0073006f006c00650100000000000006910000005400ffffff000003b20000032800000001000000020000000100000008fc00000000
simulationViewPerspectives: 000000ff000000010000000200000100000004670100000006010000000100
sceneTreePerspectives: 000000ff0000000100000002000000c00000007b0100000006010000000200
minimizedPerspectives: 
maximizedDockId: -1
centralWidgetVisible: 1
orthographicViewHeight: 1
textFiles: 1 "controllers/advanced_genetic_algorithm/advanced_genetic_algorithm.c" "controllers/advanced_genetic_algorithm_supervisor/advanced_genetic_algorithm_supervisor.c"
renderingDevicePerspectives: 397;1;1;0.147661;0.0678191
renderingDevicePerspectives: 308;1;1;0.0394737;0.0272606
